60 88
43   46     92777
55   53     38335
46   12     116649
1   2     90027
50   19     97763
46   0     183426
52   16     5211
8   27     156429
2   50     122862
43   7     103135
29   42     34022
18   29     98167
13   16     175011
22   9     177373
21   59     13784
37   38     194324
35   30     166413
46   31     68980
56   33     6862
50   16     97281
45   43     136327
56   5     150846
9   13     125857
24   15     19582
45   14     33367
14   44     144043
50   7     26808
36   38     95788
24   3     102651
14   19     199932
0   56     193368
19   52     36226
6   54     97539
15   10     51434
58   47     66601
17   2     173317
12   52     60756
1   20     124286
1   45     29689
4   59     158440
9   51     108117
57   11     34481
35   9     98927
27   16     179497
33   6     76965
46   23     6219
44   28     132871
32   29     9503
59   30     163368
28   35     26340
9   36     100723
38   25     122846
51   1     43555
59   28     137764
8   1     192350
13   40     157034
4   24     124914
47   56     173743
51   47     148365
39   16     151432
11   17     99228
35   47     101474
1   38     194395
29   37     108235
13   38     94428
3   51     135928
9   56     122404
43   52     54538
26   40     2904
58   48     70688
9   57     169917
36   44     187743
30   23     98490
59   52     6725
4   30     17505
59   14     69786
9   2     108542
44   37     139507
15   4     176348
11   2     127828
59   3     195746
8   40     155422
11   10     67605
1   29     44878
5   0     178736
4   6     48522
5   8     73416
42   38     12924
